1734737460.247281,0
1734737460.349625,12
1734737460.451551,18
1734737460.553228,20
1734737460.654895,20
1734737460.756776,20
1734737460.858242,20
1734737460.960200,20
1734737461.062127,20
1734737461.164032,20
1734737461.266600,20
1734737461.368566,20
1734737461.470297,20
1734737461.572170,20
1734737461.673794,20
1734737461.775727,20
1734737461.879356,20
1734737461.981516,20
1734737462.083457,20
1734737462.185171,19
1734737462.286822,20
1734737462.388645,19
1734737462.490509,20
1734737462.592491,15
1734737462.694173,13
1734737462.795895,12
1734737462.898157,12
1734737462.999969,13
1734737463.101577,14
1734737463.204694,14
1734737463.306329,16
1734737463.408138,16
1734737463.509831,16
1734737463.611736,17
1734737463.713552,15
1734737463.816634,16
1734737463.921056,16
1734737464.028279,16
1734737464.129891,17
1734737464.236571,16
1734737464.338956,17
1734737464.441287,16
1734737464.543316,17
1734737464.645190,17
1734737464.750510,18
1734737464.852183,18
1734737464.954361,18
1734737465.056148,20
1734737465.158226,20
1734737465.260110,20
1734737465.361960,20
1734737465.463587,20
1734737465.565358,20
1734737465.667008,20
1734737465.768944,18
1734737465.870991,16
1734737465.973511,18
1734737466.075294,16
1734737466.176861,17
1734737466.279536,16
1734737466.381655,16
1734737466.485880,16
1734737466.587790,17
1734737466.689985,17
1734737466.796476,18
1734737466.898580,16
1734737467.000605,16
1734737467.104396,13
1734737467.208095,12
1734737467.319496,12
1734737467.423149,12
1734737467.524693,12
1734737467.626229,13
1734737467.728184,14
1734737467.903775,14
1734737468.005533,14
1734737468.107351,14
1734737468.217264,14
1734737468.319416,14
1734737468.424814,14
1734737468.527648,14
1734737468.629599,15
1734737468.736334,16
1734737468.838333,16
1734737468.944110,16
1734737469.045812,16
1734737469.147421,17
1734737469.249001,18
1734737469.351421,18
1734737469.462580,18
1734737469.564903,19
1734737469.666921,19
1734737469.771006,19
1734737469.872626,19
1734737469.975477,19
1734737470.079005,19
1734737470.180725,20
1734737470.283090,20
1734737470.390534,20
1734737470.505956,20
1734737470.607908,20
1734737470.711300,20
1734737470.812968,20
1734737470.916865,20
1734737471.020159,20
1734737471.122137,20
1734737471.224411,18
1734737471.326587,18
1734737471.428365,18
1734737471.529984,18
1734737471.632259,17
1734737471.734485,16
1734737471.836484,17
1734737471.938858,17
1734737472.041394,17
1734737472.144047,18
1734737472.246797,18
1734737472.349030,20
1734737472.451154,19
1734737472.552972,19
1734737472.654905,19
1734737472.757189,20
1734737472.859653,20
1734737472.963042,20
1734737473.065283,20
1734737473.167238,20
1734737473.269289,20
1734737473.371437,20
1734737473.473170,20
1734737473.574934,20
1734737473.680018,20
1734737473.782381,20
1734737473.889022,20
1734737473.991762,19
1734737474.093799,20
1734737474.195568,19
1734737474.297558,20
1734737474.406559,20
1734737474.508348,20
1734737474.610245,20
1734737474.711876,20
1734737474.813541,20
1734737474.916199,20
1734737475.018461,20
1734737475.120700,19
1734737475.223218,20
1734737475.325205,20
1734737475.426910,20
1734737475.528713,20
1734737475.630681,20
1734737475.732386,20
1734737475.834507,20
1734737475.936768,20
1734737476.039076,20
1734737476.141275,20
1734737476.243358,20
1734737476.345086,20
1734737476.446978,20
1734737476.548970,20
1734737476.651237,20
1734737476.753164,20
1734737476.855103,20
1734737476.957733,20
1734737477.060001,20
1734737477.162443,20
1734737477.264223,19
1734737477.365973,19
1734737477.467841,20
1734737477.569628,20
1734737477.671460,20
1734737477.773403,20
1734737477.875388,20
1734737477.977871,19
1734737478.080445,19
1734737478.183115,19
1734737478.285482,19
1734737478.387643,20
1734737478.489370,20
1734737478.591406,20
1734737478.693637,20
1734737478.796010,20
1734737478.899486,20
1734737479.001878,17
1734737479.103750,14
1734737479.205586,13
1734737479.307572,14
1734737479.412876,14
1734737479.514672,15
1734737479.616559,15
1734737479.718363,15
1734737479.820094,15
1734737479.922241,15
1734737480.024292,16
1734737480.126091,15
1734737480.231413,16
1734737480.333239,16
1734737480.434829,15
1734737480.536490,16
1734737480.638903,15
1734737480.741532,16
1734737480.843871,17
1734737480.946124,17
1734737481.048106,17
1734737481.150104,18
1734737481.252080,16
1734737481.354221,13
1734737481.456748,13
1734737481.558600,12
1734737481.660676,13
1734737481.762425,13
1734737481.864290,14
1734737481.966524,14
1734737482.068370,14
1734737482.170298,14
1734737482.271924,14
1734737482.373606,14
1734737482.475372,15
1734737482.576976,15
1734737482.679066,15
1734737482.780779,15
1734737482.882541,16
1734737482.989323,16
1734737483.093881,16
1734737483.195902,16
1734737483.297729,17
1734737483.399798,17
1734737483.501715,17
1734737483.603549,17
1734737483.705600,17
1734737483.807364,17
1734737483.909438,18
1734737484.011497,18
1734737484.113340,18
1734737484.214985,18
1734737484.316684,18
1734737484.418470,19
1734737484.520025,19
1734737484.622080,19
1734737484.723924,19
1734737484.825738,19
1734737484.928084,19
1734737485.029950,20
1734737485.131646,20
1734737485.235288,20
1734737485.337777,20
1734737485.440352,20
1734737485.542291,20
1734737485.644397,20
1734737485.746248,20
1734737485.847986,20
1734737485.950293,20
1734737486.052039,20
1734737486.153831,20
1734737486.255833,19
1734737486.358213,19
1734737486.461181,20
1734737486.563555,20
1734737486.665890,20
1734737486.767939,19
1734737486.869858,19
1734737486.972150,20
1734737487.074328,20
1734737487.176191,20
1734737487.277901,20
1734737487.379564,20
1734737487.481294,19
1734737487.583592,15
1734737487.685939,14
1734737487.787535,16
1734737487.889427,16
1734737487.991601,16
1734737488.093513,16
1734737488.195327,17
1734737488.297183,17
1734737488.398933,16
1734737488.500637,16
1734737488.602214,17
1734737488.704559,18
1734737488.806731,18
1734737488.909218,19
1734737489.011495,18
1734737489.113471,19
1734737489.215498,19
1734737489.317607,19
1734737489.419544,19
1734737489.521258,19
1734737489.623080,19
1734737489.724910,19
1734737489.826565,19
1734737489.928589,20
1734737490.030454,20
1734737490.132144,20
1734737490.234051,20
1734737490.335994,19
1734737490.438225,17
1734737490.540019,15
1734737490.642002,14
1734737490.743596,14
1734737490.845239,13
1734737490.947321,13
1734737491.049543,14
1734737491.151287,14
1734737491.252908,14
1734737491.354916,15
1734737491.457161,15
1734737491.559183,15
1734737491.661206,15
1734737491.763101,15
1734737491.865528,16
1734737491.970745,16
1734737492.073784,16
1734737492.176159,16
1734737492.278593,17
1734737492.381024,17
1734737492.482827,17
1734737492.584448,17
1734737492.686530,17
1734737492.788328,18
1734737492.890092,19
1734737492.992283,19
1734737493.093981,18
1734737493.195650,18
1734737493.297409,18
1734737493.402923,19
1734737493.504695,19
1734737493.606493,19
1734737493.708278,19
1734737493.809859,19
1734737493.911634,19
1734737494.013701,20
1734737494.115392,20
1734737494.217033,20
1734737494.318888,20
1734737494.421003,20
1734737494.522691,20
1734737494.624558,20
1734737494.726321,20
1734737494.828060,20
1734737494.930099,20
1734737495.032562,19
1734737495.134693,20
1734737495.236684,20
1734737495.338700,19
1734737495.440609,19
1734737495.542496,19
